0	423
1	454
2	517
3	127
4	136
5	236
6	310
7	346
8	257
9	154
10	202
11	150
12	69
13	251
14	72
15	322
16	370
17	310
18	220
19	312
20	289
21	129
22	579
23	498
24	320
25	326
26	394
27	352
28	179
29	203
30	283
31	258
32	311
33	241
34	335
35	326
36	264
37	211
38	222
39	432
40	421
41	465
42	162
43	185
44	300
45	436
46	352
47	320
48	440
49	462
50	295
51	386
52	469
53	398
54	346
55	338
56	293
57	275
58	473
59	404
60	469
61	470
62	275
63	558
64	508
65	386
66	338
67	288
68	433
69	453
70	501
71	487
72	467
73	379
74	248
75	262
76	422
77	445
78	341
79	460
80	329
81	474
82	434
83	349
84	503
85	477
86	488
87	472
88	445
89	455
90	497
91	440
92	489
93	378
94	469
95	461
96	324
97	497
98	511
99	516
100	480
101	436
102	461
103	406
104	447
105	498
106	534
107	508
108	416
109	492
110	477
111	462
112	475
113	474
114	278
115	511
116	401
117	460
118	454
119	482
120	375
121	203
122	285
123	378
124	292
125	405
126	282
127	285
128	468
129	270
130	293
131	504
132	329
133	220
134	428
135	504
136	313
137	415
138	491
139	407
140	441
141	537
142	482
143	483
144	498
145	484
146	454
147	270
148	459
149	498
150	348
151	471
152	401
153	452
154	466
155	428
156	524
157	395
158	444
159	402
160	356
161	475
162	351
163	438
164	436
165	452
166	383
167	460
168	358
169	537
170	504
171	517
172	521
173	412
174	232
175	476
176	473
177	494
178	465
179	351
180	457
181	471
182	292
183	333
184	411
185	434
186	486
187	505
188	403
189	536
190	332
191	325
192	182
193	345
194	488
195	399
196	388
197	420
198	462
199	514
200	420
201	300
202	381
203	413
204	464
205	284
206	389
207	351
208	474
209	337
210	366
211	332
212	428
213	505
214	460
215	376
216	459
217	260
218	307
219	167
220	228
221	197
222	431
223	390
224	340
225	214
226	460
227	267
228	401
229	283
230	203
231	475
232	414
233	386
234	325
235	216
236	468
237	289
238	495
239	410
240	411
241	511
242	312
243	338
244	351
245	451
246	432
247	250
248	206
249	416
250	371
251	276
252	336
253	488
254	440
255	350
256	416
257	424
258	392
259	425
260	415
261	374
262	390
263	342
264	476
265	338
266	424
267	387
268	306
269	235
270	451
271	402
272	381
273	454
274	247
275	267
276	317
277	537
278	337
279	379
280	97
281	456
282	192
283	434
284	450
285	448
286	424
287	205
288	505
289	383
290	255
291	399
292	494
293	500
294	514
295	290
296	303
297	287
298	455
299	295
300	370
301	456
302	359
303	350
304	286
305	365
306	382
307	446
308	503
309	460
310	432
311	326
312	504
313	429
314	453
315	478
316	313
317	436
318	493
319	476
320	260
321	310
322	341
323	218
324	322
325	437
326	330
327	419
328	314
329	433
330	294
331	396
332	243
333	253
334	353
335	146
336	212
337	369
338	478
339	185
340	321
341	291
342	186
343	188
344	301
345	447
346	209
347	285
348	441
349	351
350	256
351	352
352	402
353	463
354	455
355	424
356	417
357	349
358	350
359	317
360	348
361	233
362	323
363	241
364	396
365	315
366	434
367	311
368	262
369	275
370	375
371	387
372	301
373	417
374	489
375	415
376	462
377	412
378	281
379	350
380	420
381	187
382	234
383	384
384	453
385	428
386	407
387	504
388	272
389	249
390	255
391	392
392	313
393	204
394	429
395	371
396	471
397	278
398	322
399	228
400	147
401	299
402	266
403	312
404	230
405	295
406	305
407	460
408	363
409	498
410	364
411	492
412	444
413	297
414	478
415	281
416	498
417	407
418	222
419	305
420	452
421	447
422	440
423	422
424	326
425	444
426	400
427	414
428	303
429	501
430	420
431	170
432	347
433	408
434	362
435	207
436	219
437	354
438	116
439	246
440	258
441	455
442	415
443	265
444	240
445	341
446	458
447	250
448	232
449	294
450	303
451	334
452	298
453	182
454	262
455	414
456	169
457	119
458	362
459	353
460	314
461	242
462	260
463	316
464	327
465	262
466	330
467	273
468	147
469	225
470	202
471	167
472	298
473	367
474	345
475	372
476	175
477	237
478	495
479	461
480	426
481	448
482	434
483	392
484	394
485	461
486	328
487	217
488	244
489	156
490	327
491	249
492	338
493	317
494	414
495	283
496	306
497	295
498	120
499	319
500	340
501	251
502	404
503	263
504	447
505	245
506	311
507	229
508	226
509	199
510	232
511	424
512	400
513	222
514	321
515	244
516	183
517	425
518	205
519	200
520	349
521	392
522	268
523	337
524	201
525	358
526	514
527	376
528	271
529	252
530	189
531	231
532	119
533	130
534	158
535	165
536	164
537	152
538	148
539	237
540	116
541	414
542	273
543	314
544	527
545	369
546	256
547	284
548	189
549	271
550	251
551	333
552	204
553	252
554	249
555	180
556	505
557	197
558	525
559	218
560	254
561	94
562	130
563	261
564	280
565	157
566	149
567	287
568	237
569	230
570	296
571	261
572	216
573	166
574	353
575	236
576	205
577	377
578	117
579	221
580	140
581	202
582	85
583	120
584	82
585	450
586	118
587	76
588	95
589	136
590	360
591	194
592	244
593	394
594	218
595	273
596	383
597	214
598	356
599	193
600	152
601	285
602	276
603	223
604	104
605	141
606	248
607	362
608	256
609	372
610	196
611	391
612	208
613	204
614	438
615	367
616	317
617	487
618	416
619	517
620	180
621	483
622	149
623	208
624	181
625	293
626	253
627	141
628	163
629	268
630	324
631	181
632	240
633	389
634	212
635	384
636	156
637	209
638	84
639	184
640	120
641	100
642	101
643	150
644	187
645	122
646	197
647	148
648	79
649	228
650	221
651	150
652	114
653	94
654	275
655	88
656	73
657	97
658	73
659	89
660	217
661	120
662	186
663	214
664	185
665	209
666	209
667	158
668	176
669	354
670	119
671	226
672	192
673	122
674	255
675	143
676	258
677	320
678	287
679	216
680	136
681	437
682	262
683	169
684	291
685	454
686	258
687	194
688	220
689	166
690	121
691	183
692	190
693	182
694	308
695	259
696	76
697	320
698	225
699	129
700	233
701	301
702	290
703	228
704	255
705	123
706	231
707	406
708	366
709	372
710	386
711	171
712	133
713	196
714	221
715	200
716	294
717	112
718	192
719	355
720	253
721	252
722	368
723	224
724	136
725	214
726	195
727	222
728	285
729	272
730	172
731	200
732	180
733	68
734	262
735	209
736	272
737	187
738	123
739	196
740	196
741	98
742	207
743	182
744	121
745	255
746	147
747	146
748	200
749	162
750	186
751	134
752	111
753	262
754	385
755	211
756	228
757	220
758	314
759	228
760	196
761	158
762	148
763	141
764	217
765	124
766	169
767	344
768	219
769	209
770	212
771	218
772	176
773	194
774	199
775	389
776	164
777	186
778	206
779	295
780	305
781	370
782	124
783	242
784	358
785	239
786	241
787	439
788	125
789	245
790	260
791	228
792	146
793	206
794	119
795	342
796	211
797	246
798	377
799	339
800	178
801	485
802	317
803	418
804	270
805	365
806	210
807	326
808	431
809	296
810	315
811	380
812	371
813	378
814	262
815	391
816	191
817	251
818	284
819	382
820	135
821	309
822	183
823	291
824	296
825	385
826	271
827	448
828	299
829	284
830	224
831	274
832	208
833	280
834	292
835	369
836	503
837	268
838	449
839	194
840	180
841	183
842	387
843	332
844	199
845	232
846	198
847	224
848	263
849	416
850	300
851	318
852	208
853	418
854	165
855	206
856	375
857	320
858	262
859	365
860	303
861	169
862	210
863	197
864	313
865	162
866	363
867	336
868	423
869	353
870	282
871	243
872	269
873	460
874	503
875	211
876	230
877	264
878	428
879	321
880	485
881	380
882	336
883	387
884	145
885	412
886	379
887	499
888	338
889	270
890	206
891	221
892	259
893	183
894	417
895	368
896	248
897	168
898	247
899	240
900	345
901	262
902	213
903	451
904	132
905	121
906	297
907	227
908	245
909	136
910	331
911	338
912	240
913	285
914	208
915	198
916	206
917	301
918	257
919	329
920	376
921	213
922	161
923	255
924	228
925	198
926	277
927	442
928	312
929	270
930	260
931	190
932	247
933	317
934	250
935	403
936	249
937	205
938	423
939	518
940	457
941	519
942	517
943	406
944	478
945	433
946	477
947	526
948	426
949	421
950	308
951	368
952	417
953	532
954	386
955	474
956	527
957	513
958	512
959	484
960	465
961	520
962	470
963	440
964	451
965	521
966	478
967	527
968	436
969	480
970	481
971	484
972	486
973	462
974	495
975	300
976	501
977	522
978	483
979	356
980	475
981	205
982	374
983	489
984	468
985	414
986	511
987	310
988	365
989	384
990	353
991	433
992	469
993	244
994	388
995	468
996	473
997	477
998	500
999	511
1000	560
1001	486
1002	526
1003	365
1004	418
1005	197
1006	339
1007	530
1008	309
1009	421
1010	454
1011	413
1012	435
1013	425
1014	433
1015	259
1016	280
1017	449
1018	239
1019	485
1020	341
1021	471
1022	349
1023	298
1024	323
1025	422
1026	499
1027	569
1028	505
1029	305
1030	291
1031	315
1032	364
1033	476
1034	307
1035	356
1036	493
1037	335
1038	470
1039	360
1040	359
1041	350
1042	235
1043	285
1044	370
1045	413
1046	261
1047	306
1048	293
1049	297
1050	351
1051	233
1052	500
1053	528
1054	339
1055	180
1056	201
1057	197
1058	289
1059	356
1060	385
1061	416
1062	319
1063	244
1064	148
1065	227
1066	275
1067	249
1068	231
1069	442
1070	333
1071	117
1072	140
1073	158
1074	179
1075	305
1076	288
1077	442
1078	324
1079	352
1080	230
1081	368
1082	398
1083	398
1084	303
1085	377
1086	310
1087	306
1088	425
1089	249
1090	318
1091	315
1092	147
1093	227
1094	279
1095	212
1096	395
1097	345
1098	385
1099	358
1100	334
1101	417
1102	179
1103	155
1104	86
1105	180
1106	438
1107	486
1108	515
1109	182
1110	134
1111	177
1112	182
1113	466
1114	482
1115	411
1116	394
1117	368
1118	527
1119	466
1120	450
1121	447
1122	347
1123	171
1124	430
1125	331
1126	425
1127	395
1128	519
1129	302
1130	433
1131	503
1132	489
1133	422
1134	313
1135	405
1136	430
1137	299
1138	190
1139	187
1140	75
1141	295
1142	78
1143	113
1144	106
1145	127
1146	77
1147	74
1148	185
1149	384
1150	247
1151	86
1152	405
1153	238
1154	526
1155	246
1156	214
1157	230
1158	426
1159	317
1160	364
1161	192
1162	277
1163	270
1164	389
1165	167
1166	191
1167	301
1168	227
1169	199
1170	438
1171	243
1172	351
1173	392
1174	322
1175	246
1176	173
1177	183
1178	350
1179	188
1180	299
1181	329
1182	186
1183	75
1184	224
1185	301
1186	384
1187	390
1188	514
1189	345
1190	391
1191	445
1192	231
1193	407
1194	276
1195	296
1196	248
1197	111
1198	236
1199	268
1200	190
1201	528
1202	244
1203	189
1204	468
1205	299
1206	264
1207	316
1208	294
1209	76
1210	132
1211	232
1212	497
1213	362
1214	437
1215	513
1216	426
1217	511
1218	463
1219	503
1220	483
1221	441
1222	512
1223	550
1224	487
1225	492
1226	486
1227	498
1228	332
1229	292
1230	118
1231	435
1232	185
1233	241
1234	387
1235	228
1236	81
1237	185
1238	267
1239	268
1240	263
1241	91
1242	185
1243	240
1244	228
1245	243
1246	236
1247	157
1248	150
1249	183
1250	221
1251	78
1252	124
1253	171
1254	163
1255	378
1256	188
1257	319
1258	435
1259	270
1260	202
1261	94
1262	93
1263	210
1264	268
1265	455
1266	166
1267	208
1268	127
1269	103
1270	370
1271	217
1272	80
1273	526
1274	122
1275	363
1276	284
1277	96
1278	77
1279	418
1280	229
1281	192
1282	293
1283	396
1284	320
1285	242
1286	141
1287	250
1288	78
1289	213
1290	195
1291	142
1292	110
1293	125
1294	154
1295	161
1296	111
1297	152
1298	172
1299	331
