0	412
1	438
2	469
3	138
4	100
5	197
6	267
7	345
8	199
9	250
10	151
11	192
12	68
13	176
14	136
15	204
16	300
17	317
18	308
19	163
20	313
21	297
22	146
23	554
24	468
25	324
26	316
27	398
28	358
29	157
30	182
31	325
32	233
33	277
34	245
35	185
36	371
37	352
38	176
39	192
40	300
41	422
42	265
43	374
44	163
45	180
46	300
47	429
48	352
49	263
50	389
51	458
52	295
53	442
54	374
55	421
56	452
57	336
58	302
59	245
60	449
61	329
62	444
63	419
64	428
65	315
66	487
67	406
68	383
69	337
70	288
71	319
72	447
73	501
74	456
75	417
76	390
77	246
78	212
79	378
80	462
81	323
82	364
83	421
84	299
85	383
86	299
87	375
88	471
89	496
90	408
91	405
92	393
93	450
94	482
95	422
96	421
97	412
98	449
99	405
100	395
101	343
102	432
103	465
104	399
105	458
106	421
107	399
108	456
109	445
110	379
111	459
112	497
113	372
114	456
115	474
116	451
117	447
118	394
119	338
120	495
121	427
122	465
123	460
124	428
125	406
126	304
127	275
128	361
129	176
130	368
131	365
132	312
133	220
134	448
135	270
136	252
137	497
138	270
139	219
140	408
141	483
142	341
143	412
144	436
145	485
146	330
147	429
148	496
149	432
150	435
151	458
152	374
153	294
154	271
155	419
156	449
157	426
158	315
159	400
160	444
161	439
162	388
163	471
164	339
165	384
166	432
167	332
168	469
169	242
170	404
171	403
172	456
173	399
174	426
175	488
176	456
177	478
178	465
179	462
180	491
181	423
182	220
183	462
184	434
185	461
186	435
187	414
188	318
189	371
190	356
191	185
192	434
193	460
194	421
195	427
196	398
197	417
198	471
199	350
200	244
201	289
202	346
203	471
204	350
205	403
206	363
207	455
208	508
209	421
210	301
211	381
212	357
213	504
214	323
215	295
216	386
217	390
218	434
219	245
220	449
221	260
222	437
223	502
224	398
225	372
226	449
227	205
228	290
229	168
230	227
231	189
232	432
233	386
234	227
235	298
236	450
237	249
238	291
239	364
240	217
241	479
242	404
243	387
244	332
245	325
246	311
247	380
248	215
249	422
250	419
251	372
252	472
253	312
254	338
255	351
256	423
257	444
258	250
259	135
260	445
261	386
262	171
263	365
264	429
265	399
266	464
267	247
268	445
269	422
270	371
271	444
272	341
273	365
274	347
275	339
276	433
277	284
278	446
279	391
280	308
281	168
282	466
283	287
284	309
285	437
286	284
287	203
288	265
289	470
290	279
291	454
292	227
293	225
294	343
295	352
296	394
297	392
298	393
299	424
300	148
301	456
302	297
303	322
304	471
305	380
306	441
307	447
308	321
309	387
310	252
311	255
312	425
313	315
314	484
315	226
316	422
317	386
318	248
319	337
320	436
321	411
322	446
323	445
324	442
325	346
326	488
327	401
328	419
329	425
330	191
331	465
332	452
333	361
334	438
335	217
336	273
337	329
338	265
339	262
340	449
341	260
342	423
343	268
344	443
345	294
346	380
347	228
348	211
349	359
350	200
351	166
352	313
353	443
354	304
355	180
356	322
357	244
358	196
359	150
360	371
361	466
362	163
363	290
364	429
365	314
366	306
367	354
368	346
369	459
370	452
371	403
372	375
373	385
374	300
375	350
376	386
377	230
378	115
379	399
380	331
381	223
382	458
383	361
384	313
385	211
386	399
387	263
388	395
389	324
390	393
391	448
392	390
393	410
394	460
395	368
396	344
397	308
398	244
399	233
400	315
401	458
402	441
403	394
404	484
405	301
406	307
407	297
408	244
409	404
410	230
411	286
412	315
413	354
414	460
415	278
416	292
417	211
418	194
419	184
420	352
421	296
422	164
423	360
424	191
425	466
426	414
427	395
428	350
429	446
430	382
431	398
432	443
433	433
434	337
435	464
436	376
437	220
438	248
439	480
440	448
441	463
442	423
443	303
444	475
445	360
446	375
447	286
448	469
449	381
450	358
451	193
452	442
453	401
454	230
455	214
456	235
457	296
458	115
459	246
460	258
461	452
462	385
463	220
464	269
465	288
466	387
467	317
468	312
469	259
470	365
471	175
472	337
473	289
474	108
475	345
476	343
477	112
478	135
479	358
480	315
481	316
482	239
483	259
484	315
485	298
486	235
487	326
488	319
489	153
490	231
491	147
492	146
493	241
494	272
495	203
496	469
497	227
498	122
499	431
500	430
501	444
502	386
503	362
504	431
505	392
506	394
507	404
508	382
509	159
510	303
511	156
512	156
513	406
514	340
515	205
516	327
517	318
518	349
519	278
520	199
521	177
522	317
523	340
524	276
525	322
526	321
527	440
528	186
529	308
530	229
531	167
532	201
533	243
534	311
535	455
536	255
537	307
538	288
539	186
540	274
541	328
542	156
543	309
544	395
545	254
546	337
547	180
548	305
549	303
550	513
551	317
552	271
553	252
554	161
555	200
556	119
557	189
558	99
559	166
560	194
561	151
562	177
563	236
564	115
565	208
566	328
567	238
568	392
569	409
570	315
571	332
572	229
573	163
574	285
575	237
576	333
577	204
578	252
579	205
580	223
581	360
582	281
583	443
584	434
585	122
586	226
587	79
588	173
589	280
590	199
591	198
592	226
593	201
594	264
595	215
596	252
597	260
598	216
599	166
600	294
601	294
602	203
603	292
604	181
605	158
606	226
607	126
608	151
609	129
610	84
611	198
612	385
613	59
614	76
615	95
616	250
617	247
618	193
619	244
620	394
621	218
622	273
623	274
624	321
625	357
626	193
627	91
628	181
629	407
630	226
631	130
632	128
633	194
634	278
635	314
636	194
637	362
638	290
639	269
640	207
641	226
642	455
643	309
644	317
645	482
646	385
647	476
648	242
649	268
650	366
651	102
652	245
653	337
654	131
655	234
656	158
657	182
658	229
659	371
660	81
661	299
662	346
663	291
664	291
665	156
666	215
667	78
668	125
669	179
670	100
671	101
672	150
673	169
674	139
675	140
676	154
677	112
678	127
679	326
680	125
681	110
682	103
683	112
684	266
685	92
686	60
687	108
688	62
689	89
690	217
691	120
692	148
693	252
694	129
695	237
696	237
697	109
698	224
699	272
700	172
701	174
702	200
703	181
704	179
705	174
706	141
707	308
708	251
709	312
710	228
711	111
712	433
713	262
714	169
715	287
716	409
717	317
718	225
719	216
720	196
721	90
722	124
723	210
724	237
725	99
726	345
727	200
728	144
729	347
730	164
731	119
732	281
733	284
734	231
735	252
736	231
737	123
738	231
739	373
740	298
741	453
742	308
743	247
744	176
745	124
746	211
747	280
748	206
749	149
750	229
751	202
752	289
753	268
754	176
755	368
756	233
757	127
758	214
759	195
760	222
761	258
762	262
763	208
764	201
765	168
766	78
767	179
768	288
769	204
770	210
771	152
772	185
773	126
774	162
775	137
776	237
777	127
778	136
779	285
780	112
781	122
782	200
783	162
784	132
785	188
786	111
787	243
788	286
789	302
790	216
791	111
792	376
793	230
794	173
795	197
796	146
797	188
798	169
799	146
800	120
801	223
802	295
803	202
804	231
805	190
806	160
807	234
808	165
809	142
810	408
811	219
812	188
813	153
814	191
815	325
816	378
817	201
818	201
819	274
820	281
821	239
822	372
823	278
824	124
825	300
826	219
827	211
828	146
829	206
830	111
831	292
832	228
833	233
834	330
835	409
836	131
837	291
838	461
839	312
840	387
841	242
842	353
843	176
844	460
845	272
846	244
847	285
848	439
849	317
850	373
851	262
852	391
853	186
854	227
855	280
856	405
857	169
858	187
859	250
860	299
861	302
862	257
863	301
864	439
865	267
866	313
867	327
868	179
869	210
870	258
871	301
872	212
873	420
874	448
875	268
876	449
877	194
878	175
879	188
880	339
881	370
882	175
883	236
884	250
885	181
886	227
887	207
888	409
889	240
890	278
891	232
892	393
893	146
894	203
895	433
896	261
897	262
898	362
899	253
900	166
901	204
902	254
903	249
904	168
905	289
906	393
907	200
908	474
909	198
910	376
911	155
912	442
913	458
914	439
915	73
916	255
917	354
918	369
919	265
920	461
921	380
922	277
923	438
924	153
925	247
926	481
927	411
928	439
929	213
930	281
931	120
932	257
933	268
934	252
935	385
936	282
937	234
938	223
939	211
940	261
941	303
942	320
943	154
944	435
945	189
946	118
947	299
948	209
949	247
950	148
951	264
952	362
953	158
954	311
955	279
956	99
957	249
958	283
959	203
960	332
961	268
962	387
963	151
964	217
965	199
966	228
967	198
968	259
969	403
970	357
971	205
972	202
973	255
974	260
975	247
976	203
977	438
978	190
979	312
980	128
981	440
982	477
983	417
984	443
985	457
986	436
987	486
988	429
989	427
990	475
991	418
992	394
993	250
994	357
995	301
996	531
997	453
998	428
999	445
1000	472
1001	440
1002	516
1003	427
1004	414
1005	467
1006	379
1007	360
1008	446
1009	501
1010	456
1011	517
1012	436
1013	446
1014	471
1015	476
1016	416
1017	334
1018	431
1019	314
1020	380
1021	487
1022	479
1023	336
1024	440
1025	441
1026	279
1027	372
1028	416
1029	507
1030	342
1031	485
1032	240
1033	391
1034	348
1035	352
1036	409
1037	465
1038	200
1039	362
1040	408
1041	411
1042	435
1043	435
1044	314
1045	459
1046	473
1047	420
1048	414
1049	454
1050	334
1051	230
1052	282
1053	424
1054	347
1055	460
1056	442
1057	449
1058	414
1059	407
1060	416
1061	259
1062	256
1063	459
1064	215
1065	447
1066	335
1067	310
1068	432
1069	429
1070	331
1071	218
1072	372
1073	533
1074	556
1075	452
1076	304
1077	286
1078	261
1079	370
1080	421
1081	307
1082	355
1083	386
1084	295
1085	483
1086	340
1087	375
1088	235
1089	359
1090	156
1091	441
1092	294
1093	384
1094	255
1095	274
1096	298
1097	326
1098	302
1099	324
1100	480
1101	429
1102	376
1103	123
1104	200
1105	195
1106	284
1107	284
1108	331
1109	385
1110	353
1111	248
1112	145
1113	173
1114	263
1115	263
1116	231
1117	363
1118	359
1119	224
1120	119
1121	204
1122	90
1123	262
1124	237
1125	312
1126	433
1127	291
1128	293
1129	287
1130	250
1131	470
1132	408
1133	210
1134	326
1135	423
1136	154
1137	363
1138	415
1139	152
1140	309
1141	288
1142	117
1143	220
1144	280
1145	289
1146	315
1147	431
1148	303
1149	343
1150	334
1151	411
1152	181
1153	154
1154	84
1155	177
1156	396
1157	453
1158	425
1159	220
1160	192
1161	165
1162	132
1163	375
1164	390
1165	466
1166	368
1167	314
1168	431
1169	451
1170	472
1171	481
1172	384
1173	346
1174	169
1175	380
1176	321
1177	437
1178	306
1179	469
1180	207
1181	451
1182	405
1183	460
1184	377
1185	297
1186	341
1187	389
1188	362
1189	244
1190	242
1191	132
1192	75
1193	294
1194	114
1195	75
1196	105
1197	125
1198	75
1199	73
1200	185
1201	326
1202	184
1203	301
1204	128
1205	351
1206	469
1207	234
1208	297
1209	102
1210	384
1211	361
1212	282
1213	311
1214	351
1215	172
1216	264
1217	334
1218	167
1219	189
1220	299
1221	225
1222	142
1223	440
1224	290
1225	294
1226	392
1227	392
1228	136
1229	292
1230	76
1231	182
1232	348
1233	294
1234	236
1235	335
1236	129
1237	119
1238	176
1239	298
1240	376
1241	418
1242	489
1243	341
1244	390
1245	404
1246	169
1247	443
1248	320
1249	195
1250	241
1251	216
1252	169
1253	197
1254	266
1255	438
1256	401
1257	187
1258	239
1259	346
1260	336
1261	318
1262	257
1263	238
1264	76
1265	132
1266	231
1267	464
1268	392
1269	402
1270	467
1271	396
1272	468
1273	437
1274	465
1275	463
1276	459
1277	526
1278	519
1279	462
1280	486
1281	491
1282	466
1283	441
1284	309
1285	237
1286	77
1287	380
1288	183
1289	240
1290	278
1291	332
1292	83
1293	130
1294	317
1295	205
1296	320
1297	79
1298	197
1299	120
1300	283
1301	192
1302	218
1303	258
1304	113
1305	172
1306	202
1307	165
1308	74
1309	145
1310	148
1311	161
1312	378
1313	131
1314	264
1315	422
1316	368
1317	157
1318	134
1319	108
1320	165
1321	182
1322	427
1323	303
1324	140
1325	213
1326	88
1327	99
1328	420
1329	160
1330	132
1331	441
1332	124
1333	411
1334	227
1335	95
1336	74
1337	357
1338	221
1339	244
1340	287
1341	339
1342	486
1343	515
1344	135
1345	197
1346	137
1347	104
1348	294
1349	87
1350	162
1351	89
1352	124
1353	155
1354	157
1355	112
1356	135
1357	170
1358	291
