0	350
1	377
2	389
3	266
4	97
5	182
6	219
7	301
8	295
9	250
10	141
11	147
12	187
13	69
14	117
15	193
16	72
17	308
18	250
19	355
20	215
21	142
22	312
23	283
24	129
25	458
26	435
27	271
28	222
29	358
30	280
31	352
32	157
33	182
34	325
35	176
36	157
37	295
38	127
39	334
40	267
41	264
42	163
43	192
44	300
45	320
46	266
47	378
48	199
49	120
50	325
51	359
52	325
53	271
54	225
55	365
56	391
57	179
58	401
59	383
60	366
61	325
62	337
63	280
64	295
65	245
66	390
67	326
68	400
69	409
70	369
71	207
72	444
73	423
74	379
75	189
76	264
77	267
78	273
79	326
80	363
81	342
82	358
83	289
84	340
85	246
86	231
87	312
88	400
89	323
90	262
91	354
92	311
93	388
94	326
95	295
96	260
97	371
98	425
99	343
100	363
101	362
102	400
103	415
104	360
105	407
106	423
107	353
108	374
109	350
110	334
111	258
112	440
113	400
114	438
115	407
116	342
117	336
118	396
119	410
120	375
121	351
122	427
123	409
124	295
125	427
126	394
127	346
128	390
129	404
130	375
131	273
132	448
133	397
134	359
135	384
136	384
137	370
138	353
139	197
140	259
141	343
142	160
143	364
144	306
145	259
146	276
147	357
148	366
149	244
150	245
151	455
152	255
153	184
154	381
155	425
156	335
157	372
158	296
159	376
160	333
161	396
162	414
163	453
164	369
165	371
166	399
167	345
168	336
169	211
170	411
171	375
172	336
173	371
174	233
175	397
176	369
177	385
178	353
179	410
180	321
181	360
182	422
183	266
184	353
185	455
186	238
187	376
188	383
189	373
190	416
191	296
192	373
193	382
194	423
195	388
196	453
197	399
198	413
199	386
200	232
201	356
202	361
203	383
204	389
205	404
206	331
207	403
208	404
209	351
210	185
211	426
212	402
213	287
214	434
215	393
216	329
217	411
218	440
219	266
220	244
221	232
222	288
223	433
224	356
225	233
226	339
227	384
228	355
229	406
230	373
231	300
232	334
233	345
234	362
235	379
236	313
237	234
238	348
239	371
240	377
241	159
242	351
243	213
244	350
245	442
246	343
247	339
248	388
249	218
250	265
251	231
252	138
253	227
254	189
255	404
256	307
257	309
258	333
259	322
260	331
261	222
262	359
263	251
264	216
265	393
266	393
267	373
268	327
269	311
270	152
271	382
272	360
273	172
274	371
275	406
276	346
277	377
278	389
279	192
280	350
281	351
282	364
283	203
284	247
285	138
286	403
287	363
288	171
289	307
290	366
291	400
292	355
293	324
294	344
295	276
296	394
297	356
298	363
299	300
300	340
301	277
302	424
303	367
304	350
305	382
306	395
307	353
308	302
309	166
310	336
311	250
312	302
313	401
314	377
315	242
316	192
317	275
318	378
319	272
320	400
321	245
322	95
323	382
324	77
325	368
326	428
327	369
328	304
329	362
330	148
331	429
332	265
333	348
334	408
335	346
336	375
337	401
338	417
339	277
340	341
341	228
342	209
343	402
344	244
345	369
346	345
347	213
348	333
349	383
350	244
351	307
352	388
353	319
354	348
355	350
356	415
357	342
358	351
359	411
360	379
361	381
362	400
363	134
364	379
365	407
366	393
367	369
368	203
369	307
370	294
371	203
372	263
373	290
374	337
375	204
376	411
377	303
378	343
379	299
380	347
381	294
382	256
383	208
384	303
385	200
386	166
387	297
388	249
389	398
390	169
391	316
392	233
393	228
394	146
395	206
396	315
397	391
398	156
399	226
400	404
401	258
402	255
403	318
404	355
405	231
406	388
407	347
408	345
409	419
410	307
411	350
412	288
413	287
414	291
415	212
416	171
417	320
418	331
419	223
420	347
421	342
422	290
423	220
424	249
425	398
426	210
427	387
428	210
429	392
430	357
431	302
432	415
433	372
434	387
435	262
436	256
437	415
438	130
439	232
440	315
441	358
442	434
443	405
444	241
445	421
446	215
447	242
448	242
449	296
450	347
451	230
452	172
453	410
454	308
455	263
456	425
457	173
458	306
459	215
460	131
461	241
462	295
463	296
464	164
465	252
466	239
467	287
468	355
469	366
470	378
471	239
472	388
473	323
474	394
475	297
476	384
477	274
478	366
479	389
480	222
481	242
482	323
483	379
484	405
485	407
486	371
487	303
488	369
489	334
490	302
491	371
492	225
493	410
494	356
495	301
496	168
497	353
498	348
499	360
500	151
501	229
502	284
503	177
504	128
505	289
506	201
507	355
508	313
509	207
510	292
511	208
512	352
513	387
514	250
515	232
516	232
517	363
518	175
519	252
520	311
521	136
522	203
523	426
524	161
525	99
526	192
527	331
528	312
529	312
530	185
531	244
532	313
533	321
534	226
535	228
536	309
537	230
538	151
539	231
540	118
541	175
542	241
543	241
544	319
545	344
546	315
547	218
548	148
549	418
550	374
551	388
552	320
553	360
554	346
555	375
556	333
557	364
558	311
559	340
560	199
561	244
562	156
563	99
564	393
565	268
566	186
567	316
568	387
569	179
570	348
571	225
572	194
573	177
574	315
575	283
576	251
577	314
578	150
579	402
580	340
581	186
582	311
583	229
584	167
585	133
586	280
587	277
588	372
589	311
590	228
591	301
592	253
593	186
594	265
595	281
596	203
597	141
598	347
599	379
600	224
601	290
602	140
603	362
604	304
605	435
606	301
607	275
608	237
609	188
610	138
611	181
612	118
613	130
614	158
615	107
616	194
617	151
618	154
619	124
620	250
621	61
622	353
623	301
624	147
625	385
626	338
627	315
628	273
629	262
630	189
631	207
632	256
633	225
634	310
635	179
636	193
637	229
638	195
639	323
640	317
641	326
642	415
643	84
644	253
645	94
646	78
647	174
648	279
649	199
650	198
651	108
652	285
653	119
654	287
655	256
656	299
657	119
658	226
659	215
660	235
661	239
662	233
663	317
664	151
665	188
666	146
667	140
668	141
669	144
670	120
671	84
672	198
673	390
674	59
675	76
676	61
677	170
678	291
679	188
680	193
681	242
682	337
683	172
684	310
685	197
686	340
687	290
688	252
689	120
690	150
691	226
692	300
693	225
694	130
695	85
696	178
697	188
698	362
699	256
700	241
701	266
702	323
703	205
704	179
705	226
706	355
707	310
708	258
709	411
710	352
711	378
712	403
713	167
714	310
715	324
716	98
717	249
718	221
719	175
720	253
721	141
722	162
723	208
724	170
725	372
726	60
727	297
728	329
729	212
730	291
731	189
732	134
733	208
734	59
735	184
736	120
737	100
738	101
739	118
740	143
741	194
742	82
743	178
744	148
745	60
746	186
747	267
748	125
749	110
750	103
751	94
752	263
753	100
754	73
755	60
756	107
757	62
758	148
759	158
760	76
761	133
762	309
763	129
764	226
765	185
766	123
767	158
768	176
769	330
770	113
771	174
772	200
773	150
774	164
775	196
776	142
777	168
778	225
779	288
780	282
781	217
782	96
783	330
784	222
785	198
786	280
787	291
788	404
789	219
790	167
791	247
792	164
793	89
794	94
795	184
796	235
797	135
798	308
799	153
800	166
801	180
802	311
803	164
804	119
805	205
806	242
807	349
808	168
809	263
810	125
811	109
812	232
813	388
814	265
815	431
816	308
817	192
818	159
819	190
820	137
821	221
822	198
823	209
824	158
825	217
826	143
827	342
828	198
829	193
830	295
831	317
832	124
833	127
834	242
835	135
836	222
837	244
838	157
839	297
840	171
841	152
842	133
843	67
844	236
845	230
846	204
847	209
848	140
849	168
850	139
851	178
852	70
853	207
854	196
855	87
856	195
857	228
858	110
859	122
860	187
861	143
862	133
863	185
864	111
865	93
866	262
867	385
868	184
869	216
870	111
871	324
872	262
873	192
874	167
875	123
876	183
877	129
878	159
879	145
880	120
881	216
882	285
883	143
884	284
885	136
886	168
887	210
888	153
889	193
890	140
891	351
892	184
893	223
894	119
895	206
896	264
897	276
898	370
899	114
900	190
901	301
902	222
903	239
904	256
905	347
906	96
907	223
908	252
909	184
910	220
911	139
912	155
913	111
914	233
915	278
916	242
917	183
918	432
919	190
920	178
921	330
922	389
923	233
924	329
925	217
926	347
927	203
928	250
929	395
930	318
931	207
932	285
933	381
934	257
935	371
936	203
937	327
938	304
939	197
940	189
941	389
942	248
943	105
944	249
945	186
946	299
947	302
948	231
949	297
950	236
951	428
952	199
953	306
954	279
955	212
956	154
957	250
958	280
959	174
960	370
961	404
962	349
963	319
964	341
965	138
966	180
967	183
968	321
969	370
970	169
971	195
972	223
973	145
974	224
975	204
976	299
977	358
978	242
979	275
980	185
981	398
982	140
983	217
984	322
985	253
986	217
987	299
988	349
989	244
990	116
991	193
992	262
993	234
994	152
995	210
996	306
997	281
998	250
999	424
1000	135
1001	353
1002	155
1003	355
1004	341
1005	417
1006	201
1007	188
1008	230
1009	354
1010	244
1011	266
1012	442
1013	325
1014	336
1015	360
1016	200
1017	145
1018	404
1019	410
1020	383
1021	337
1022	205
1023	229
1024	114
1025	240
1026	232
1027	178
1028	401
1029	322
1030	254
1031	113
1032	282
1033	209
1034	204
1035	297
1036	146
1037	271
1038	301
1039	403
1040	107
1041	134
1042	250
1043	227
1044	233
1045	143
1046	264
1047	361
1048	137
1049	242
1050	307
1051	154
1052	142
1053	186
1054	296
1055	224
1056	286
1057	267
1058	326
1059	208
1060	110
1061	310
1062	115
1063	226
1064	145
1065	329
1066	340
1067	355
1068	205
1069	193
1070	205
1071	212
1072	217
1073	317
1074	243
1075	345
1076	161
1077	310
1078	123
1079	352
1080	465
1081	404
1082	431
1083	416
1084	381
1085	416
1086	400
1087	345
1088	347
1089	415
1090	384
1091	368
1092	245
1093	368
1094	270
1095	411
1096	467
1097	302
1098	357
1099	414
1100	379
1101	411
1102	416
1103	439
1104	365
1105	432
1106	442
1107	360
1108	319
1109	434
1110	449
1111	419
1112	420
1113	419
1114	404
1115	414
1116	403
1117	366
1118	360
1119	382
1120	408
1121	286
1122	337
1123	435
1124	442
1125	359
1126	309
1127	358
1128	195
1129	313
1130	377
1131	343
1132	455
1133	258
1134	456
1135	287
1136	302
1137	312
1138	280
1139	423
1140	284
1141	389
1142	261
1143	284
1144	401
1145	381
1146	393
1147	356
1148	324
1149	328
1150	460
1151	412
1152	400
1153	379
1154	366
1155	324
1156	227
1157	251
1158	391
1159	343
1160	335
1161	389
1162	407
1163	341
1164	412
1165	349
1166	399
1167	232
1168	232
1169	397
1170	263
1171	293
1172	317
1173	335
1174	380
1175	379
1176	287
1177	323
1178	216
1179	303
1180	424
1181	461
1182	374
1183	324
1184	290
1185	238
1186	286
1187	358
1188	354
1189	304
1190	251
1191	389
1192	333
1193	315
1194	407
1195	280
1196	288
1197	267
1198	288
1199	152
1200	351
1201	247
1202	403
1203	219
1204	301
1205	281
1206	206
1207	314
1208	290
1209	292
1210	428
1211	385
1212	216
1213	291
1214	138
1215	191
1216	149
1217	319
1218	258
1219	307
1220	361
1221	313
1222	234
1223	151
1224	158
1225	193
1226	258
1227	243
1228	196
1229	393
1230	262
1231	242
1232	82
1233	147
1234	142
1235	175
1236	194
1237	295
1238	341
1239	357
1240	278
1241	261
1242	220
1243	247
1244	434
1245	323
1246	266
1247	293
1248	382
1249	200
1250	299
1251	321
1252	349
1253	200
1254	248
1255	281
1256	117
1257	218
1258	241
1259	242
1260	229
1261	354
1262	352
1263	349
1264	251
1265	301
1266	401
1267	180
1268	127
1269	104
1270	172
1271	287
1272	265
1273	407
1274	395
1275	229
1276	177
1277	164
1278	96
1279	236
1280	368
1281	432
1282	352
1283	388
1284	296
1285	382
1286	405
1287	442
1288	378
1289	378
1290	341
1291	141
1292	225
1293	418
1294	216
1295	406
1296	310
1297	381
1298	203
1299	386
1300	333
1301	402
1302	390
1303	310
1304	309
1305	346
1306	350
1307	184
1308	300
1309	182
1310	131
1311	71
1312	292
1313	73
1314	108
1315	76
1316	103
1317	122
1318	73
1319	72
1320	183
1321	322
1322	131
1323	353
1324	75
1325	398
1326	291
1327	437
1328	199
1329	239
1330	99
1331	367
1332	319
1333	276
1334	344
1335	189
1336	277
1337	151
1338	387
1339	194
1340	155
1341	220
1342	262
1343	184
1344	177
1345	384
1346	180
1347	349
1348	239
1349	390
1350	311
1351	199
1352	226
1353	74
1354	181
1355	349
1356	236
1357	240
1358	270
1359	182
1360	126
1361	120
1362	173
1363	312
1364	368
1365	361
1366	386
1367	299
1368	322
1369	343
1370	221
1371	280
1372	381
1373	273
1374	191
1375	238
1376	214
1377	166
1378	140
1379	318
1380	129
1381	445
1382	238
1383	192
1384	335
1385	343
1386	279
1387	263
1388	255
1389	291
1390	75
1391	88
1392	188
1393	317
1394	381
1395	247
1396	374
1397	405
1398	339
1399	396
1400	403
1401	389
1402	440
1403	364
1404	412
1405	375
1406	420
1407	357
1408	432
1409	426
1410	368
1411	419
1412	289
1413	294
1414	133
1415	271
1416	245
1417	179
1418	239
1419	274
1420	300
1421	87
1422	132
1423	193
1424	258
1425	199
1426	259
1427	85
1428	184
1429	121
1430	280
1431	134
1432	239
1433	232
1434	154
1435	145
1436	115
1437	194
1438	164
1439	71
1440	142
1441	147
1442	159
1443	366
1444	129
1445	183
1446	369
1447	311
1448	158
1449	197
1450	89
1451	90
1452	161
1453	173
1454	365
1455	351
1456	107
1457	192
1458	128
1459	92
1460	202
1461	328
1462	131
1463	132
1464	408
1465	120
1466	356
1467	226
1468	149
1469	69
1470	186
1471	324
1472	205
1473	188
1474	285
1475	334
1476	463
1477	365
1478	187
1479	138
1480	244
1481	75
1482	207
1483	182
1484	82
1485	154
1486	88
1487	116
1488	148
1489	145
1490	98
1491	97
1492	162
1493	154
1494	286
