0	42
1	158
2	64
3	41
4	43
5	44
6	44
7	41
8	42
9	42
10	41
11	41
12	41
13	41
14	41
15	42
16	47
17	50
18	41
19	41
20	42
21	41
22	82
23	49
24	44
25	42
26	43
27	44
28	41
29	41
30	45
31	45
32	41
33	41
34	43
35	43
36	41
37	41
38	41
39	42
40	41
41	43
42	42
43	42
44	41
45	41
46	41
47	43
48	44
49	41
50	41
51	41
52	42
53	41
54	41
55	42
56	42
57	42
58	42
59	42
60	42
61	43
62	43
63	42
64	41
65	42
66	44
67	43
68	44
69	42
70	43
71	42
72	41
73	41
74	41
75	42
76	41
77	42
78	43
79	46
80	43
81	43
82	42
83	42
84	42
85	44
86	41
87	42
88	41
89	42
90	43
91	42
92	44
93	44
94	44
95	43
96	42
97	42
98	41
99	41
100	42
101	42
102	43
103	42
104	41
105	42
106	44
107	42
108	43
109	42
110	42
111	41
112	41
113	42
114	42
115	43
116	44
117	41
118	42
119	42
120	42
121	42
122	42
123	43
124	42
125	41
126	44
127	42
128	42
129	42
130	42
131	42
132	42
133	44
134	41
135	44
136	41
137	42
138	45
139	82
140	41
141	46
142	44
143	46
144	43
145	44
146	42
147	41
148	41
149	41
150	45
151	41
152	43
153	43
154	44
155	42
156	45
157	42
158	43
159	43
160	41
161	43
162	43
163	42
164	42
165	44
166	41
167	42
168	41
169	44
170	44
171	42
172	44
173	41
174	41
175	43
176	42
177	41
178	42
179	42
180	41
181	42
182	41
183	43
184	42
185	44
186	43
187	43
188	41
189	41
190	41
191	41
192	42
193	43
194	43
195	42
196	41
197	42
198	42
199	43
200	43
201	41
202	42
203	41
204	41
205	41
206	42
207	41
208	41
209	44
210	42
211	41
212	42
213	45
214	41
215	43
216	43
217	41
218	42
219	41
220	42
221	41
222	42
223	43
224	43
225	41
226	41
227	41
228	41
229	42
230	41
231	42
232	44
233	44
234	44
235	42
236	42
237	41
238	43
239	42
240	42
241	41
242	43
243	41
244	43
245	42
246	42
247	42
248	42
249	41
250	42
251	41
252	41
253	41
254	43
255	42
256	45
257	42
258	41
259	42
260	41
261	41
262	43
263	45
264	42
265	42
266	42
267	42
268	42
269	41
270	42
271	41
272	42
273	43
274	44
275	42
276	43
277	43
278	41
279	41
280	41
281	42
282	41
283	42
284	44
285	42
286	41
287	41
288	42
289	42
290	43
291	41
292	42
293	44
294	42
295	47
296	41
297	41
298	41
299	41
300	43
301	43
302	45
303	42
304	43
305	43
306	42
307	42
308	41
309	44
310	42
311	41
312	42
313	41
314	41
315	41
316	42
317	42
318	42
319	41
320	41
321	48
322	42
323	43
324	41
325	42
326	42
327	41
328	42
329	41
330	41
331	42
332	42
333	41
334	41
335	41
336	41
337	44
338	41
339	41
340	41
341	42
342	44
343	41
344	41
345	41
346	42
347	41
348	42
349	43
350	41
351	41
352	43
353	41
354	41
355	43
356	41
357	41
358	41
359	41
360	42
361	41
362	42
363	41
364	41
365	44
366	41
367	43
368	42
369	44
370	41
371	41
372	42
373	41
374	42
375	42
376	41
377	41
378	43
379	42
380	41
381	41
382	81
383	41
384	42
385	41
386	44
387	41
388	41
389	41
390	43
391	42
392	42
393	42
394	41
395	42
396	43
397	44
398	41
399	41
400	41
401	43
402	42
403	41
404	42
405	41
406	42
407	42
408	42
409	42
410	44
411	41
412	42
413	43
414	41
415	42
416	43
417	42
418	41
419	42
420	42
421	41
422	43
423	43
424	43
425	42
426	41
427	46
428	43
429	44
430	42
431	42
432	42
433	41
434	43
435	43
436	42
437	42
438	41
439	42
440	43
441	43
442	43
443	41
444	42
445	45
446	41
447	43
448	42
449	43
450	44
451	41
452	42
453	41
454	42
455	46
456	42
457	41
458	41
459	41
460	41
461	43
462	42
463	41
464	43
465	41
466	41
467	42
468	42
469	42
470	41
471	42
472	42
473	41
474	41
475	41
476	41
477	41
478	42
479	43
480	42
481	41
482	44
483	42
484	41
485	42
486	42
487	43
488	42
489	41
490	42
491	41
492	42
493	42
494	41
495	41
496	42
497	42
498	41
499	42
500	42
501	41
502	42
503	42
504	41
505	41
506	42
507	42
508	42
509	43
510	44
511	43
512	43
513	43
514	43
515	42
516	41
517	42
518	42
519	41
520	43
521	41
522	41
523	42
524	41
525	42
526	41
527	43
528	42
529	41
530	42
531	42
532	41
533	41
534	42
535	41
536	42
537	41
538	41
539	41
540	41
541	42
542	41
543	42
544	41
545	41
546	42
547	42
548	41
549	42
550	41
551	41
552	41
553	41
554	41
555	41
556	41
557	41
558	42
559	41
560	41
561	41
562	41
563	41
564	41
565	42
566	42
567	42
568	42
569	41
570	43
571	42
572	41
573	41
574	42
575	41
576	41
577	42
578	41
579	41
580	42
581	41
582	41
583	41
584	41
585	41
586	41
587	41
588	42
589	42
590	41
591	42
592	41
593	43
594	41
595	41
596	41
597	41
598	42
599	41
600	41
601	41
602	42
603	44
604	41
605	42
606	42
607	41
608	41
609	41
610	41
611	43
612	42
613	41
614	43
615	42
616	41
617	46
618	41
619	42
620	41
621	42
622	41
623	41
624	41
625	41
626	42
627	41
628	42
629	41
630	42
631	41
632	41
633	41
634	41
635	42
636	42
637	41
638	41
639	41
640	41
641	41
642	41
643	42
644	41
645	41
646	42
647	41
648	41
649	41
650	41
651	41
652	43
653	42
654	41
655	41
656	41
657	41
658	41
659	41
660	41
661	41
662	43
663	42
664	42
665	42
666	42
667	42
668	41
669	42
670	41
671	41
672	41
673	41
674	41
675	42
676	42
677	41
678	41
679	45
680	41
681	41
682	41
683	41
684	43
685	41
686	41
687	43
688	42
689	41
690	41
691	41
692	41
693	43
694	44
695	41
696	42
697	42
698	41
699	41
700	42
701	42
702	42
703	41
704	41
705	41
706	41
707	41
708	41
709	41
710	42
711	43
712	41
713	41
714	41
715	41
716	41
717	42
718	41
719	42
720	42
721	42
722	41
723	41
724	42
725	41
726	42
727	41
728	42
729	41
730	41
731	41
732	41
733	41
734	42
735	43
736	41
737	41
738	41
739	41
740	43
741	41
742	41
743	42
744	41
745	42
746	42
747	41
748	41
749	41
750	41
751	41
752	41
753	42
754	42
755	41
756	43
757	42
758	42
759	42
760	41
761	41
762	42
763	41
764	42
765	41
766	41
767	42
768	41
769	43
770	41
771	42
772	43
773	42
774	41
775	41
776	41
777	42
778	42
779	41
780	42
781	41
782	41
783	42
784	41
785	41
786	44
787	43
788	41
789	41
790	41
791	42
792	41
793	43
794	42
795	45
796	42
797	41
798	43
799	42
800	41
801	42
802	41
803	42
804	44
805	43
806	41
807	42
808	41
809	42
810	43
811	41
812	43
813	41
814	41
815	42
816	41
817	41
818	41
819	45
820	41
821	42
822	41
823	42
824	41
825	41
826	41
827	42
828	42
829	42
830	41
831	42
832	41
833	41
834	41
835	41
836	41
837	41
838	41
839	41
840	41
841	41
842	41
843	41
844	41
845	42
846	42
847	41
848	41
849	42
850	42
851	41
852	42
853	42
854	41
855	42
856	41
857	42
858	41
859	43
860	41
861	42
862	42
863	41
864	41
865	42
866	41
867	41
868	43
869	41
870	44
871	42
872	41
873	41
874	43
875	42
876	42
877	43
878	43
879	43
880	43
881	41
882	41
883	51
884	42
885	42
886	41
887	42
888	42
889	41
890	43
891	41
892	41
893	41
894	43
895	43
896	41
897	42
898	42
899	41
900	42
901	43
902	41
903	41
904	41
905	42
906	45
907	42
908	41
909	42
910	41
911	44
912	41
913	41
914	41
915	41
916	42
917	42
918	43
919	43
920	44
921	42
922	42
923	43
924	44
925	43
926	43
927	45
928	41
929	42
930	41
931	42
932	42
933	42
934	41
935	41
936	42
937	41
938	42
939	42
940	42
941	53
942	55
943	48
944	52
945	43
946	44
947	43
948	43
949	46
950	43
951	43
952	42
953	42
954	41
955	41
956	41
957	41
958	41
959	42
960	42
961	41
962	41
963	42
964	42
965	43
966	45
967	43
968	42
969	41
970	43
971	41
972	41
973	42
974	42
975	42
976	41
977	43
978	42
979	43
980	42
981	43
982	43
983	44
984	42
985	42
986	44
987	44
988	41
989	42
990	44
991	42
992	43
993	44
994	44
995	44
996	48
997	48
998	46
999	43
1000	47
1001	47
1002	48
1003	47
1004	45
1005	41
1006	42
1007	43
1008	42
1009	43
1010	45
1011	42
1012	43
1013	42
1014	41
1015	41
1016	42
1017	43
1018	41
1019	42
1020	43
1021	43
1022	42
1023	41
1024	43
1025	43
1026	43
1027	50
1028	45
1029	41
1030	42
1031	42
1032	43
1033	43
1034	43
1035	42
1036	43
1037	43
1038	42
1039	44
1040	43
1041	43
1042	42
1043	41
1044	41
1045	83
1046	42
1047	41
1048	42
1049	45
1050	43
1051	42
1052	42
1053	42
1054	43
1055	42
1056	41
1057	41
1058	42
1059	42
1060	41
1061	42
1062	42
1063	41
1064	41
1065	46
1066	42
1067	42
1068	42
1069	42
1070	41
1071	42
1072	41
1073	42
1074	42
1075	42
1076	41
1077	42
1078	41
1079	41
1080	42
1081	43
1082	42
1083	42
1084	43
1085	42
1086	41
1087	45
1088	42
1089	43
1090	44
1091	42
1092	43
1093	43
1094	41
1095	42
1096	41
1097	41
1098	43
1099	42
1100	42
1101	43
1102	41
1103	41
1104	41
1105	42
1106	42
1107	43
1108	42
1109	41
1110	41
1111	42
1112	43
1113	42
1114	43
1115	43
1116	42
1117	42
1118	45
1119	43
1120	41
1121	42
1122	41
1123	53
1124	50
1125	45
1126	41
1127	41
1128	41
1129	41
1130	42
1131	41
1132	42
1133	42
1134	41
1135	41
1136	41
1137	44
1138	42
1139	41
1140	41
1141	41
1142	41
1143	41
1144	41
1145	42
1146	42
1147	41
1148	41
1149	41
1150	41
1151	41
1152	41
1153	41
1154	49
1155	42
1156	43
1157	43
1158	41
1159	41
1160	41
1161	43
1162	43
1163	81
1164	44
1165	41
1166	42
1167	44
1168	41
1169	43
1170	42
1171	42
1172	43
1173	41
1174	41
1175	42
1176	41
1177	41
1178	43
1179	41
1180	43
1181	41
1182	41
1183	41
1184	41
1185	41
1186	42
1187	42
1188	42
1189	41
1190	41
1191	46
1192	42
1193	43
1194	41
1195	42
1196	41
1197	45
1198	42
1199	41
1200	41
1201	42
1202	42
1203	41
1204	42
1205	44
1206	41
1207	43
1208	41
1209	41
1210	41
1211	41
1212	41
1213	41
1214	43
1215	43
1216	41
1217	43
1218	41
1219	42
1220	41
1221	81
1222	42
1223	42
1224	81
1225	42
1226	41
1227	41
1228	41
1229	41
1230	41
1231	43
1232	41
1233	41
1234	44
1235	42
1236	41
1237	41
1238	41
1239	42
1240	42
1241	41
1242	41
1243	41
1244	43
1245	41
1246	41
1247	41
1248	41
1249	41
1250	41
1251	41
1252	42
1253	43
1254	43
1255	82
1256	41
1257	43
1258	42
1259	41
1260	41
1261	43
1262	41
1263	43
1264	43
1265	49
1266	41
1267	44
1268	42
1269	41
1270	43
1271	42
1272	41
1273	42
1274	42
1275	42
1276	42
1277	41
1278	41
1279	42
1280	41
1281	41
1282	42
1283	41
1284	42
1285	41
1286	41
1287	41
1288	41
1289	41
1290	42
1291	41
1292	42
1293	41
1294	50
1295	42
1296	41
1297	41
1298	53
1299	111
