0	41
1	141
2	64
3	41
4	42
5	43
6	46
7	41
8	42
9	42
10	41
11	41
12	41
13	41
14	41
15	42
16	41
17	49
18	47
19	41
20	41
21	42
22	41
23	82
24	49
25	44
26	42
27	43
28	44
29	41
30	41
31	42
32	50
33	41
34	41
35	41
36	43
37	43
38	41
39	41
40	41
41	42
42	41
43	43
44	42
45	42
46	41
47	41
48	41
49	43
50	43
51	42
52	41
53	41
54	42
55	41
56	41
57	41
58	42
59	42
60	42
61	42
62	43
63	41
64	43
65	43
66	42
67	41
68	42
69	44
70	43
71	43
72	43
73	42
74	43
75	41
76	41
77	41
78	42
79	41
80	42
81	41
82	44
83	46
84	43
85	42
86	42
87	43
88	41
89	44
90	41
91	42
92	41
93	42
94	43
95	41
96	45
97	44
98	43
99	44
100	42
101	41
102	42
103	41
104	42
105	41
106	43
107	43
108	41
109	42
110	42
111	43
112	43
113	43
114	41
115	42
116	41
117	41
118	42
119	42
120	42
121	45
122	41
123	41
124	42
125	42
126	42
127	42
128	42
129	43
130	42
131	43
132	42
133	42
134	42
135	42
136	42
137	42
138	42
139	44
140	41
141	44
142	41
143	42
144	44
145	83
146	41
147	43
148	47
149	45
150	43
151	42
152	47
153	42
154	41
155	41
156	42
157	44
158	41
159	43
160	43
161	44
162	42
163	45
164	42
165	43
166	43
167	41
168	42
169	44
170	42
171	41
172	43
173	43
174	41
175	42
176	41
177	44
178	44
179	43
180	43
181	41
182	41
183	43
184	42
185	41
186	42
187	41
188	42
189	41
190	42
191	42
192	43
193	43
194	43
195	43
196	42
197	41
198	41
199	41
200	41
201	43
202	43
203	42
204	42
205	41
206	42
207	42
208	43
209	43
210	41
211	42
212	41
213	41
214	41
215	41
216	42
217	41
218	43
219	42
220	42
221	41
222	42
223	45
224	41
225	43
226	43
227	41
228	42
229	41
230	42
231	41
232	42
233	42
234	43
235	42
236	41
237	41
238	41
239	42
240	41
241	41
242	44
243	43
244	45
245	42
246	42
247	42
248	41
249	43
250	42
251	42
252	41
253	43
254	41
255	43
256	42
257	42
258	42
259	42
260	41
261	42
262	41
263	41
264	41
265	41
266	43
267	42
268	45
269	42
270	41
271	42
272	41
273	41
274	44
275	44
276	42
277	42
278	42
279	42
280	42
281	41
282	42
283	41
284	42
285	43
286	43
287	43
288	42
289	43
290	42
291	41
292	41
293	42
294	41
295	41
296	43
297	43
298	42
299	41
300	41
301	42
302	42
303	42
304	42
305	42
306	43
307	42
308	48
309	46
310	41
311	41
312	41
313	42
314	42
315	43
316	45
317	42
318	44
319	43
320	41
321	42
322	41
323	44
324	41
325	42
326	42
327	41
328	41
329	41
330	41
331	43
332	42
333	41
334	41
335	42
336	48
337	43
338	42
339	41
340	43
341	41
342	41
343	42
344	41
345	41
346	42
347	42
348	41
349	41
350	41
351	41
352	44
353	41
354	41
355	41
356	41
357	44
358	42
359	41
360	41
361	41
362	42
363	41
364	42
365	43
366	41
367	41
368	43
369	41
370	41
371	43
372	41
373	41
374	41
375	41
376	42
377	41
378	41
379	42
380	41
381	41
382	44
383	43
384	41
385	42
386	44
387	41
388	42
389	41
390	41
391	42
392	42
393	41
394	41
395	43
396	42
397	41
398	41
399	41
400	81
401	42
402	41
403	41
404	44
405	41
406	41
407	42
408	42
409	43
410	41
411	42
412	41
413	42
414	43
415	44
416	41
417	41
418	41
419	42
420	43
421	41
422	41
423	42
424	42
425	41
426	42
427	42
428	44
429	42
430	42
431	41
432	43
433	41
434	42
435	43
436	42
437	41
438	42
439	42
440	41
441	43
442	42
443	43
444	43
445	41
446	44
447	44
448	43
449	43
450	43
451	41
452	42
453	41
454	44
455	42
456	42
457	42
458	41
459	42
460	43
461	43
462	43
463	41
464	42
465	43
466	43
467	42
468	43
469	42
470	44
471	42
472	42
473	41
474	41
475	44
476	44
477	42
478	41
479	41
480	41
481	41
482	43
483	42
484	41
485	43
486	41
487	41
488	41
489	43
490	41
491	42
492	41
493	42
494	42
495	41
496	41
497	41
498	41
499	41
500	43
501	43
502	41
503	41
504	44
505	42
506	41
507	42
508	42
509	42
510	43
511	41
512	42
513	41
514	42
515	42
516	41
517	41
518	42
519	41
520	42
521	42
522	41
523	42
524	42
525	41
526	42
527	41
528	41
529	42
530	42
531	42
532	42
533	44
534	43
535	44
536	43
537	43
538	42
539	41
540	42
541	42
542	41
543	42
544	42
545	41
546	41
547	42
548	41
549	42
550	41
551	43
552	42
553	41
554	42
555	42
556	41
557	41
558	42
559	41
560	41
561	42
562	41
563	41
564	41
565	41
566	42
567	42
568	41
569	41
570	41
571	42
572	42
573	41
574	42
575	41
576	41
577	41
578	41
579	41
580	41
581	41
582	41
583	42
584	41
585	41
586	41
587	41
588	41
589	41
590	42
591	41
592	43
593	41
594	42
595	41
596	44
597	41
598	41
599	41
600	41
601	42
602	41
603	42
604	41
605	41
606	42
607	41
608	41
609	41
610	41
611	41
612	41
613	41
614	41
615	42
616	42
617	41
618	42
619	42
620	42
621	41
622	41
623	41
624	41
625	42
626	41
627	41
628	41
629	41
630	44
631	42
632	42
633	42
634	41
635	41
636	41
637	41
638	42
639	43
640	41
641	41
642	43
643	42
644	41
645	46
646	41
647	42
648	41
649	42
650	41
651	41
652	41
653	41
654	42
655	41
656	42
657	41
658	41
659	42
660	41
661	41
662	41
663	41
664	42
665	42
666	41
667	41
668	41
669	41
670	41
671	41
672	41
673	42
674	41
675	42
676	41
677	41
678	41
679	41
680	41
681	42
682	43
683	41
684	41
685	41
686	41
687	41
688	41
689	41
690	41
691	41
692	43
693	42
694	42
695	42
696	42
697	42
698	41
699	42
700	41
701	41
702	41
703	41
704	41
705	41
706	42
707	42
708	41
709	44
710	42
711	41
712	41
713	41
714	41
715	43
716	41
717	41
718	42
719	43
720	41
721	41
722	41
723	41
724	42
725	43
726	43
727	41
728	42
729	42
730	41
731	41
732	42
733	42
734	42
735	41
736	41
737	41
738	41
739	41
740	41
741	41
742	42
743	43
744	41
745	41
746	41
747	41
748	41
749	41
750	42
751	42
752	41
753	42
754	42
755	41
756	41
757	42
758	41
759	42
760	41
761	42
762	41
763	41
764	41
765	41
766	41
767	42
768	42
769	42
770	41
771	41
772	41
773	42
774	42
775	41
776	41
777	42
778	41
779	42
780	42
781	41
782	41
783	41
784	41
785	41
786	41
787	42
788	41
789	42
790	43
791	41
792	43
793	41
794	42
795	41
796	41
797	42
798	42
799	41
800	41
801	42
802	41
803	41
804	43
805	41
806	41
807	44
808	42
809	41
810	41
811	41
812	42
813	41
814	42
815	41
816	42
817	41
818	41
819	42
820	41
821	43
822	42
823	43
824	41
825	41
826	42
827	41
828	41
829	43
830	42
831	45
832	41
833	42
834	43
835	42
836	41
837	42
838	41
839	41
840	43
841	44
842	42
843	41
844	42
845	42
846	42
847	42
848	41
849	43
850	41
851	41
852	42
853	41
854	41
855	41
856	45
857	41
858	42
859	41
860	41
861	42
862	41
863	41
864	41
865	43
866	41
867	42
868	42
869	41
870	41
871	41
872	41
873	41
874	41
875	41
876	41
877	41
878	41
879	41
880	41
881	41
882	41
883	41
884	42
885	42
886	41
887	41
888	43
889	41
890	41
891	43
892	41
893	41
894	42
895	41
896	42
897	41
898	43
899	41
900	42
901	42
902	41
903	41
904	42
905	41
906	41
907	41
908	43
909	42
910	44
911	41
912	41
913	41
914	43
915	42
916	42
917	43
918	43
919	43
920	43
921	41
922	41
923	48
924	43
925	42
926	41
927	42
928	42
929	41
930	43
931	41
932	41
933	41
934	43
935	41
936	43
937	41
938	43
939	41
940	41
941	42
942	43
943	41
944	41
945	41
946	41
947	46
948	42
949	41
950	42
951	41
952	44
953	41
954	41
955	41
956	41
957	41
958	42
959	43
960	42
961	43
962	44
963	42
964	43
965	42
966	44
967	43
968	43
969	45
970	41
971	41
972	42
973	41
974	42
975	43
976	41
977	41
978	42
979	41
980	41
981	42
982	42
983	43
984	50
985	53
986	47
987	52
988	43
989	44
990	43
991	43
992	46
993	43
994	42
995	43
996	42
997	41
998	41
999	41
1000	41
1001	41
1002	42
1003	41
1004	42
1005	41
1006	41
1007	42
1008	42
1009	43
1010	45
1011	43
1012	42
1013	41
1014	43
1015	41
1016	41
1017	41
1018	43
1019	42
1020	41
1021	42
1022	42
1023	43
1024	42
1025	43
1026	44
1027	41
1028	44
1029	43
1030	42
1031	43
1032	44
1033	41
1034	42
1035	44
1036	42
1037	43
1038	44
1039	44
1040	43
1041	47
1042	48
1043	47
1044	44
1045	46
1046	46
1047	47
1048	46
1049	44
1050	44
1051	42
1052	41
1053	43
1054	42
1055	43
1056	45
1057	42
1058	43
1059	42
1060	41
1061	41
1062	42
1063	43
1064	41
1065	41
1066	43
1067	44
1068	41
1069	42
1070	43
1071	42
1072	43
1073	45
1074	49
1075	43
1076	41
1077	42
1078	42
1079	43
1080	43
1081	43
1082	42
1083	43
1084	43
1085	42
1086	42
1087	44
1088	44
1089	41
1090	42
1091	41
1092	43
1093	81
1094	42
1095	41
1096	44
1097	44
1098	42
1099	42
1100	43
1101	41
1102	43
1103	42
1104	41
1105	41
1106	42
1107	42
1108	41
1109	42
1110	42
1111	41
1112	41
1113	44
1114	43
1115	42
1116	43
1117	42
1118	41
1119	41
1120	42
1121	41
1122	42
1123	42
1124	42
1125	41
1126	42
1127	41
1128	41
1129	42
1130	43
1131	42
1132	42
1133	42
1134	43
1135	41
1136	42
1137	44
1138	44
1139	43
1140	42
1141	43
1142	42
1143	43
1144	41
1145	42
1146	41
1147	41
1148	44
1149	41
1150	42
1151	43
1152	41
1153	41
1154	41
1155	41
1156	43
1157	43
1158	42
1159	41
1160	41
1161	41
1162	43
1163	42
1164	42
1165	44
1166	43
1167	42
1168	42
1169	45
1170	42
1171	41
1172	42
1173	41
1174	52
1175	49
1176	47
1177	41
1178	41
1179	41
1180	41
1181	42
1182	41
1183	42
1184	41
1185	42
1186	41
1187	41
1188	41
1189	44
1190	42
1191	41
1192	41
1193	41
1194	41
1195	41
1196	41
1197	42
1198	42
1199	41
1200	41
1201	41
1202	41
1203	41
1204	41
1205	41
1206	42
1207	43
1208	42
1209	44
1210	42
1211	41
1212	41
1213	41
1214	43
1215	83
1216	41
1217	44
1218	41
1219	42
1220	44
1221	41
1222	43
1223	41
1224	43
1225	42
1226	42
1227	41
1228	41
1229	42
1230	41
1231	42
1232	42
1233	41
1234	43
1235	41
1236	41
1237	41
1238	41
1239	41
1240	42
1241	42
1242	42
1243	41
1244	41
1245	44
1246	41
1247	44
1248	41
1249	41
1250	42
1251	44
1252	42
1253	42
1254	41
1255	42
1256	41
1257	42
1258	41
1259	42
1260	44
1261	41
1262	43
1263	41
1264	41
1265	41
1266	41
1267	41
1268	41
1269	42
1270	44
1271	41
1272	43
1273	41
1274	41
1275	42
1276	41
1277	82
1278	41
1279	42
1280	81
1281	42
1282	41
1283	41
1284	41
1285	41
1286	41
1287	43
1288	41
1289	41
1290	43
1291	43
1292	41
1293	41
1294	41
1295	41
1296	43
1297	41
1298	41
1299	41
1300	42
1301	42
1302	41
1303	41
1304	41
1305	41
1306	41
1307	41
1308	41
1309	42
1310	43
1311	43
1312	82
1313	41
1314	43
1315	42
1316	41
1317	41
1318	41
1319	43
1320	42
1321	42
1322	44
1323	48
1324	42
1325	43
1326	42
1327	42
1328	43
1329	41
1330	41
1331	42
1332	43
1333	41
1334	42
1335	41
1336	41
1337	42
1338	41
1339	41
1340	42
1341	41
1342	42
1343	41
1344	41
1345	41
1346	41
1347	41
1348	41
1349	42
1350	41
1351	42
1352	41
1353	49
1354	42
1355	41
1356	41
1357	51
1358	111
