0	41
1	125
2	54
3	42
4	42
5	42
6	46
7	42
8	41
9	42
10	42
11	41
12	41
13	41
14	41
15	41
16	41
17	42
18	43
19	49
20	42
21	41
22	41
23	42
24	41
25	82
26	48
27	43
28	45
29	42
30	42
31	44
32	41
33	41
34	42
35	48
36	41
37	41
38	41
39	42
40	43
41	42
42	41
43	41
44	41
45	42
46	41
47	42
48	43
49	42
50	41
51	41
52	41
53	42
54	42
55	43
56	42
57	41
58	41
59	41
60	42
61	41
62	41
63	41
64	42
65	42
66	42
67	42
68	42
69	42
70	43
71	42
72	42
73	42
74	42
75	41
76	43
77	42
78	43
79	43
80	42
81	42
82	42
83	41
84	41
85	41
86	42
87	41
88	42
89	41
90	43
91	46
92	43
93	43
94	42
95	42
96	42
97	42
98	43
99	41
100	42
101	41
102	42
103	42
104	42
105	43
106	43
107	44
108	44
109	43
110	42
111	41
112	42
113	41
114	41
115	42
116	42
117	42
118	43
119	41
120	42
121	42
122	43
123	42
124	43
125	42
126	42
127	41
128	41
129	41
130	42
131	42
132	42
133	42
134	44
135	41
136	42
137	42
138	42
139	42
140	41
141	43
142	43
143	41
144	42
145	43
146	42
147	42
148	41
149	43
150	41
151	42
152	44
153	42
154	41
155	44
156	41
157	42
158	41
159	85
160	42
161	41
162	44
163	46
164	45
165	43
166	42
167	47
168	42
169	41
170	41
171	41
172	44
173	42
174	41
175	43
176	43
177	43
178	43
179	44
180	42
181	43
182	43
183	42
184	41
185	43
186	43
187	42
188	41
189	43
190	43
191	41
192	42
193	41
194	44
195	41
196	44
197	43
198	43
199	41
200	41
201	42
202	43
203	41
204	42
205	41
206	42
207	41
208	41
209	42
210	42
211	43
212	43
213	43
214	42
215	43
216	41
217	41
218	41
219	41
220	41
221	43
222	42
223	43
224	41
225	42
226	41
227	43
228	41
229	44
230	42
231	41
232	42
233	41
234	41
235	41
236	41
237	42
238	41
239	41
240	44
241	41
242	42
243	41
244	42
245	45
246	41
247	42
248	44
249	41
250	41
251	42
252	41
253	42
254	41
255	42
256	42
257	42
258	43
259	41
260	41
261	41
262	41
263	42
264	41
265	41
266	44
267	43
268	43
269	44
270	42
271	41
272	42
273	41
274	44
275	41
276	42
277	41
278	43
279	41
280	42
281	42
282	42
283	42
284	42
285	42
286	41
287	42
288	41
289	41
290	41
291	41
292	43
293	41
294	43
295	44
296	42
297	41
298	42
299	41
300	41
301	42
302	45
303	42
304	43
305	41
306	42
307	42
308	42
309	41
310	42
311	41
312	42
313	41
314	43
315	44
316	42
317	43
318	42
319	42
320	41
321	41
322	41
323	42
324	41
325	41
326	44
327	43
328	41
329	41
330	41
331	42
332	42
333	41
334	43
335	41
336	43
337	43
338	41
339	46
340	42
341	41
342	41
343	41
344	41
345	43
346	43
347	43
348	43
349	42
350	44
351	43
352	41
353	42
354	41
355	43
356	42
357	42
358	41
359	42
360	41
361	41
362	41
363	41
364	43
365	41
366	42
367	41
368	41
369	47
370	44
371	43
372	41
373	41
374	43
375	41
376	41
377	42
378	41
379	41
380	41
381	42
382	42
383	41
384	41
385	41
386	41
387	43
388	42
389	41
390	41
391	41
392	41
393	44
394	42
395	41
396	41
397	41
398	42
399	41
400	41
401	44
402	41
403	41
404	42
405	42
406	41
407	41
408	42
409	42
410	41
411	41
412	41
413	41
414	42
415	41
416	42
417	41
418	41
419	41
420	44
421	42
422	42
423	41
424	44
425	42
426	41
427	42
428	41
429	41
430	42
431	41
432	42
433	41
434	41
435	43
436	42
437	41
438	41
439	41
440	81
441	42
442	41
443	41
444	44
445	41
446	41
447	41
448	43
449	41
450	43
451	41
452	42
453	41
454	42
455	42
456	44
457	42
458	41
459	41
460	41
461	43
462	42
463	41
464	41
465	42
466	42
467	41
468	42
469	42
470	41
471	44
472	42
473	42
474	41
475	43
476	41
477	42
478	41
479	44
480	41
481	41
482	42
483	42
484	41
485	43
486	41
487	43
488	44
489	41
490	41
491	46
492	42
493	45
494	41
495	43
496	41
497	42
498	41
499	43
500	43
501	42
502	41
503	42
504	41
505	42
506	43
507	43
508	42
509	42
510	41
511	42
512	45
513	41
514	43
515	42
516	42
517	44
518	42
519	42
520	41
521	41
522	42
523	46
524	41
525	42
526	41
527	41
528	41
529	41
530	43
531	42
532	41
533	43
534	41
535	41
536	41
537	41
538	43
539	41
540	42
541	41
542	42
543	42
544	41
545	41
546	41
547	41
548	41
549	41
550	43
551	43
552	41
553	41
554	41
555	44
556	42
557	41
558	42
559	42
560	43
561	42
562	41
563	42
564	41
565	42
566	41
567	42
568	41
569	41
570	42
571	42
572	41
573	42
574	41
575	42
576	41
577	42
578	42
579	41
580	41
581	41
582	42
583	42
584	42
585	41
586	45
587	42
588	44
589	43
590	42
591	43
592	42
593	41
594	42
595	41
596	42
597	41
598	43
599	41
600	41
601	42
602	41
603	41
604	42
605	41
606	43
607	41
608	42
609	41
610	43
611	41
612	41
613	41
614	42
615	41
616	41
617	42
618	41
619	41
620	41
621	41
622	42
623	41
624	42
625	41
626	41
627	41
628	42
629	42
630	41
631	42
632	41
633	41
634	41
635	41
636	41
637	41
638	41
639	41
640	41
641	42
642	41
643	41
644	41
645	41
646	41
647	41
648	41
649	42
650	41
651	43
652	41
653	41
654	42
655	42
656	43
657	41
658	41
659	41
660	41
661	42
662	41
663	42
664	41
665	41
666	41
667	42
668	41
669	41
670	41
671	41
672	41
673	41
674	41
675	41
676	41
677	43
678	41
679	41
680	42
681	42
682	42
683	41
684	41
685	41
686	41
687	42
688	41
689	41
690	41
691	41
692	41
693	44
694	42
695	42
696	42
697	41
698	41
699	41
700	41
701	41
702	42
703	43
704	41
705	41
706	43
707	42
708	41
709	43
710	44
711	41
712	42
713	41
714	42
715	41
716	41
717	41
718	41
719	41
720	42
721	41
722	42
723	41
724	41
725	42
726	41
727	41
728	41
729	41
730	42
731	41
732	42
733	41
734	41
735	41
736	41
737	41
738	41
739	41
740	42
741	41
742	41
743	42
744	41
745	41
746	41
747	41
748	41
749	41
750	43
751	42
752	41
753	41
754	41
755	41
756	41
757	41
758	41
759	41
760	41
761	42
762	43
763	42
764	42
765	42
766	41
767	42
768	41
769	42
770	41
771	41
772	41
773	41
774	41
775	41
776	42
777	42
778	41
779	41
780	44
781	42
782	41
783	41
784	41
785	41
786	43
787	41
788	41
789	41
790	42
791	43
792	41
793	41
794	41
795	41
796	41
797	43
798	44
799	41
800	41
801	43
802	41
803	41
804	41
805	42
806	42
807	42
808	41
809	41
810	41
811	41
812	41
813	41
814	41
815	41
816	42
817	42
818	42
819	41
820	41
821	41
822	41
823	41
824	41
825	42
826	42
827	41
828	42
829	42
830	41
831	41
832	42
833	41
834	41
835	42
836	41
837	42
838	41
839	41
840	41
841	41
842	41
843	41
844	42
845	42
846	42
847	41
848	41
849	41
850	42
851	42
852	41
853	41
854	42
855	41
856	42
857	41
858	42
859	41
860	41
861	41
862	41
863	41
864	41
865	41
866	42
867	42
868	41
869	43
870	41
871	42
872	42
873	42
874	41
875	41
876	42
877	41
878	42
879	41
880	41
881	42
882	41
883	41
884	43
885	41
886	41
887	42
888	43
889	42
890	41
891	41
892	41
893	42
894	41
895	42
896	41
897	42
898	41
899	41
900	41
901	42
902	41
903	43
904	42
905	43
906	41
907	41
908	41
909	42
910	41
911	42
912	42
913	42
914	45
915	41
916	42
917	42
918	42
919	42
920	41
921	42
922	41
923	41
924	43
925	43
926	43
927	41
928	42
929	41
930	42
931	43
932	41
933	42
934	42
935	41
936	41
937	41
938	42
939	41
940	41
941	43
942	43
943	41
944	42
945	41
946	41
947	42
948	41
949	41
950	41
951	42
952	42
953	41
954	42
955	42
956	41
957	41
958	41
959	41
960	41
961	41
962	41
963	41
964	41
965	41
966	41
967	41
968	41
969	41
970	41
971	41
972	42
973	42
974	41
975	41
976	41
977	43
978	41
979	41
980	42
981	42
982	41
983	42
984	41
985	42
986	41
987	41
988	43
989	41
990	42
991	42
992	41
993	41
994	42
995	41
996	41
997	41
998	41
999	43
1000	42
1001	44
1002	41
1003	41
1004	41
1005	43
1006	41
1007	43
1008	42
1009	43
1010	42
1011	43
1012	43
1013	41
1014	41
1015	44
1016	42
1017	42
1018	42
1019	41
1020	42
1021	42
1022	41
1023	43
1024	41
1025	41
1026	41
1027	41
1028	43
1029	42
1030	42
1031	41
1032	43
1033	41
1034	41
1035	42
1036	42
1037	42
1038	41
1039	41
1040	41
1041	42
1042	45
1043	42
1044	41
1045	42
1046	41
1047	44
1048	41
1049	41
1050	41
1051	41
1052	41
1053	42
1054	41
1055	43
1056	42
1057	43
1058	44
1059	42
1060	42
1061	43
1062	43
1063	44
1064	41
1065	43
1066	45
1067	41
1068	41
1069	42
1070	41
1071	42
1072	42
1073	42
1074	41
1075	41
1076	42
1077	41
1078	41
1079	42
1080	42
1081	42
1082	51
1083	53
1084	49
1085	49
1086	49
1087	44
1088	43
1089	43
1090	43
1091	45
1092	44
1093	42
1094	42
1095	42
1096	42
1097	41
1098	41
1099	41
1100	41
1101	41
1102	41
1103	42
1104	42
1105	41
1106	41
1107	42
1108	41
1109	43
1110	42
1111	45
1112	43
1113	42
1114	41
1115	41
1116	43
1117	41
1118	41
1119	42
1120	42
1121	42
1122	41
1123	42
1124	42
1125	43
1126	42
1127	42
1128	43
1129	43
1130	42
1131	43
1132	43
1133	42
1134	43
1135	44
1136	41
1137	41
1138	43
1139	43
1140	43
1141	42
1142	44
1143	44
1144	43
1145	47
1146	45
1147	47
1148	44
1149	43
1150	46
1151	46
1152	47
1153	45
1154	43
1155	44
1156	42
1157	41
1158	43
1159	42
1160	42
1161	44
1162	43
1163	43
1164	42
1165	42
1166	41
1167	41
1168	41
1169	44
1170	41
1171	41
1172	42
1173	43
1174	43
1175	41
1176	42
1177	43
1178	42
1179	43
1180	42
1181	48
1182	45
1183	41
1184	41
1185	42
1186	42
1187	43
1188	43
1189	43
1190	42
1191	43
1192	42
1193	43
1194	41
1195	44
1196	43
1197	43
1198	41
1199	42
1200	41
1201	42
1202	82
1203	42
1204	41
1205	41
1206	45
1207	43
1208	42
1209	42
1210	43
1211	41
1212	42
1213	43
1214	41
1215	41
1216	41
1217	43
1218	41
1219	41
1220	42
1221	42
1222	41
1223	41
1224	43
1225	44
1226	42
1227	42
1228	42
1229	42
1230	41
1231	41
1232	42
1233	41
1234	42
1235	42
1236	42
1237	41
1238	42
1239	41
1240	41
1241	41
1242	42
1243	43
1244	42
1245	41
1246	43
1247	43
1248	41
1249	41
1250	45
1251	42
1252	43
1253	43
1254	42
1255	43
1256	42
1257	43
1258	41
1259	41
1260	42
1261	41
1262	41
1263	44
1264	41
1265	42
1266	43
1267	41
1268	41
1269	41
1270	41
1271	43
1272	42
1273	42
1274	42
1275	41
1276	41
1277	41
1278	42
1279	43
1280	42
1281	42
1282	43
1283	43
1284	42
1285	42
1286	46
1287	41
1288	41
1289	42
1290	41
1291	49
1292	51
1293	47
1294	41
1295	41
1296	41
1297	41
1298	41
1299	42
1300	41
1301	41
1302	42
1303	42
1304	41
1305	41
1306	41
1307	41
1308	44
1309	42
1310	41
1311	41
1312	41
1313	41
1314	41
1315	41
1316	41
1317	42
1318	42
1319	41
1320	41
1321	41
1322	41
1323	41
1324	41
1325	41
1326	41
1327	48
1328	41
1329	43
1330	43
1331	42
1332	41
1333	41
1334	41
1335	43
1336	43
1337	81
1338	43
1339	42
1340	41
1341	42
1342	44
1343	41
1344	43
1345	41
1346	42
1347	43
1348	42
1349	41
1350	41
1351	42
1352	41
1353	41
1354	42
1355	42
1356	41
1357	43
1358	41
1359	41
1360	41
1361	41
1362	41
1363	41
1364	42
1365	42
1366	42
1367	41
1368	41
1369	41
1370	45
1371	42
1372	43
1373	41
1374	41
1375	42
1376	44
1377	42
1378	42
1379	41
1380	41
1381	42
1382	41
1383	42
1384	41
1385	42
1386	44
1387	41
1388	43
1389	41
1390	41
1391	41
1392	41
1393	41
1394	41
1395	42
1396	41
1397	44
1398	41
1399	43
1400	41
1401	41
1402	42
1403	41
1404	81
1405	42
1406	41
1407	42
1408	81
1409	42
1410	41
1411	41
1412	41
1413	41
1414	41
1415	43
1416	41
1417	41
1418	41
1419	43
1420	43
1421	41
1422	41
1423	41
1424	41
1425	43
1426	41
1427	41
1428	41
1429	41
1430	42
1431	42
1432	41
1433	41
1434	41
1435	41
1436	41
1437	41
1438	41
1439	41
1440	42
1441	43
1442	43
1443	81
1444	42
1445	43
1446	42
1447	41
1448	41
1449	41
1450	43
1451	41
1452	42
1453	42
1454	44
1455	48
1456	41
1457	44
1458	42
1459	41
1460	43
1461	42
1462	41
1463	41
1464	42
1465	42
1466	42
1467	41
1468	42
1469	41
1470	42
1471	41
1472	41
1473	41
1474	42
1475	41
1476	42
1477	41
1478	41
1479	41
1480	41
1481	41
1482	41
1483	42
1484	41
1485	41
1486	42
1487	41
1488	48
1489	42
1490	41
1491	41
1492	49
1493	56
1494	101
